        baseMean  log2FoldChange     lfcSE      stat    pvalue      padj
0     247.062258    2.024516e-06  0.001474  0.950257  0.341982  0.999516
1     395.092985    1.278761e-07  0.001496  0.026417  0.978925  0.999516
2     163.186686    2.887405e-07  0.001489  0.165240  0.868755  0.999516
3      19.777627   -4.453797e-08  0.001630 -0.041964  0.966528  0.999516
4     575.500433    2.001529e-06  0.001451  0.839856  0.400989  0.999516
...          ...             ...       ...       ...       ...       ...
4494   86.897546    2.060442e-06  0.001665  0.878158  0.379858  0.999516
4495  330.606000    2.220861e-06  0.001478  1.008064  0.313424  0.999516
4496   46.280122   -7.029565e-07  0.001565 -0.297678  0.765949  0.999516
4497   81.379509    1.233327e-06  0.001709  0.721556  0.470567  0.999516
4498   31.192174   -2.380001e-07  0.001525 -0.171325  0.863968  0.999516

[4323 rows x 6 columns]
