       baseMean  log2FoldChange     lfcSE      stat    pvalue      padj
0      4.780859   -2.138199e-08  0.001449 -0.045351  0.963828  0.999169
1      6.652310   -3.594113e-07  0.001301 -0.551503  0.581289  0.999169
2      9.845494   -2.829538e-07  0.001368 -0.347492  0.728222  0.999169
3      2.154231   -3.016638e-07  0.001185 -0.708543  0.478608  0.999169
5     69.249795    5.707652e-07  0.001482  0.352500  0.724463  0.999169
...         ...             ...       ...       ...       ...       ...
7184   6.464343   -4.010445e-07  0.001282 -0.581854  0.560665  0.999169
7185   3.028999   -2.631940e-07  0.001248 -0.468418  0.639486  0.999169
7186   6.031059   -1.009911e-07  0.001376 -0.148440  0.881995  0.999169
7187  12.909946    2.566851e-07  0.001474  0.267059  0.789424  0.999169
7189   5.445034   -4.174514e-08  0.001410 -0.067364  0.946292  0.999169

[3907 rows x 6 columns]
