        baseMean  log2FoldChange     lfcSE      stat    pvalue      padj
0     247.062258    2.665158e-06  0.001503  1.219384  0.222699  0.999905
1     395.092985   -2.020202e-06  0.001398 -0.864412  0.387361  0.999905
2     163.186686   -1.754747e-06  0.001394 -0.661796  0.508102  0.999905
3      19.777627   -3.716409e-07  0.001550 -0.332853  0.739245  0.999905
4     575.500433    4.537597e-07  0.001387  0.227693  0.819885  0.999905
...          ...             ...       ...       ...       ...       ...
4494   86.897546   -4.240379e-06  0.001270 -2.432775  0.014984  0.938755
4495  330.606000    1.932227e-06  0.001461  0.880769  0.378443  0.999905
4496   46.280122    2.981892e-07  0.001731  0.685695  0.492905  0.999905
4497   81.379509   -1.317224e-06  0.001471 -0.759428  0.447597  0.999905
4498   31.192174   -8.529577e-07  0.001442 -0.615243  0.538394  0.999905

[4323 rows x 6 columns]
